DefaultLarge:
Last Updated: 3/24/2021 4:17:52 PM
25 25
0 0 0 -1
0 0 0 -1
0 0 0 -1
0 0 0 -1
0 0 0 -1
0 0 0 -1
0 0 0 -1
1 0 0 -1
4 0 0 -1
4 0 0 -1
4 0 0 -1
4 0 0 -1
4 0 0 -1
4 0 0 -1
4 0 0 -1
4 0 0 -1
4 0 0 -1
4 0 0 -1
4 0 0 -1
4 0 0 -1
1 2 0 -1
0 0 0 -1
0 0 0 -1
0 0 0 -1
0 0 0 -1
0 0 0 -1
0 0 0 -1
0 0 0 -1
0 0 0 -1
0 0 0 -1
1 3 0 -1
4 0 0 -1
4 0 0 -1
4 0 0 -1
4 0 0 -1
4 0 0 -1
4 0 0 -1
4 0 0 -1
4 0 0 -1
4 0 0 -1
4 0 0 -1
4 0 0 -1
4 0 0 -1
4 0 0 -1
3 2 0 -1
2 2 0 -1
0 0 0 -1
0 0 0 -1
0 0 0 -1
0 0 0 -1
0 0 0 -1
0 0 0 -1
2 0 0 -1
3 0 0 -1
4 0 0 -1
4 0 0 -1
4 0 0 -1
4 0 0 -1
4 0 0 -1
4 0 0 -1
4 0 0 -1
4 0 0 -1
4 0 0 -1
4 0 0 -1
4 0 0 -1
4 0 0 -1
3 2 0 -1
2 2 0 -1
0 0 0 -1
0 0 0 -1
0 0 0 -1
0 0 0 -1
0 0 0 -1
0 0 0 -1
0 0 0 -1
1 3 0 -1
4 0 0 -1
4 0 0 -1
4 0 0 -1
4 0 0 -1
4 0 0 -1
4 0 0 -1
4 0 0 -1
4 0 0 -1
4 0 0 -1
4 0 0 -1
4 0 0 -1
0 0 0 -1
0 0 0 -1
0 0 0 -1
2 1 0 -1
2 2 0 -1
0 0 0 -1
0 0 0 -1
0 0 0 -1
0 0 0 -1
0 0 0 -1
0 0 0 -1
0 0 0 -1
0 0 0 -1
4 0 0 -1
4 0 0 -1
4 0 0 -1
4 0 0 -1
4 0 0 -1
4 0 0 -1
4 0 0 -1
4 0 0 -1
4 0 0 -1
0 0 0 -1
0 0 0 -1
0 0 0 -1
0 0 0 -1
0 0 0 -1
0 0 0 -1
0 0 0 -1
0 0 0 -1
0 0 0 -1
0 0 0 -1
0 0 0 -1
0 0 0 -1
0 0 0 -1
0 0 0 -1
0 0 0 -1
0 0 0 -1
4 0 0 -1
4 0 0 -1
4 0 0 -1
4 0 0 -1
4 0 0 -1
4 0 0 -1
0 0 0 -1
0 0 0 -1
0 0 0 -1
0 0 0 -1
0 0 0 -1
0 0 0 -1
0 0 0 -1
0 0 0 -1
0 0 0 -1
0 0 0 -1
0 0 0 -1
0 0 0 -1
0 0 0 -1
0 0 0 -1
0 0 0 -1
0 0 0 -1
0 0 0 -1
0 0 0 -1
0 0 0 -1
4 0 0 -1
4 0 0 -1
4 0 0 -1
4 0 0 -1
1 2 0 -1
0 1 0 -1
0 0 0 -1
0 0 0 -1
0 0 0 -1
0 0 0 -1
0 0 0 -1
0 0 0 -1
0 0 0 -1
0 0 0 -1
0 0 0 -1
0 0 0 -1
0 0 0 -1
0 0 0 -1
0 0 0 -1
0 0 0 -1
0 0 0 -1
0 0 0 -1
0 0 0 -1
0 0 0 -1
0 0 0 -1
4 0 0 -1
4 0 0 -1
4 0 0 -1
3 2 0 -1
2 2 0 -1
0 0 0 -1
0 0 0 -1
0 0 0 -1
0 0 0 -1
0 0 0 -1
0 0 0 -1
0 0 0 -1
0 0 0 -1
0 0 0 -1
0 0 0 -1
0 0 0 -1
0 0 0 -1
0 0 0 -1
0 0 0 -1
0 0 0 -1
0 0 0 -1
0 0 0 -1
0 0 0 -1
0 0 0 -1
0 0 0 -1
0 0 0 -1
0 0 0 -1
0 0 0 -1
0 0 0 -1
0 0 0 -1
0 0 0 -1
0 0 0 -1
0 0 0 -1
0 0 0 -1
0 0 0 -1
0 0 0 -1
0 0 0 -1
0 0 0 -1
0 0 0 -1
0 0 0 -1
0 0 0 -1
0 0 0 -1
0 0 0 -1
0 0 0 -1
0 0 0 -1
0 0 0 -1
0 0 0 -1
0 0 0 -1
0 0 0 -1
0 0 0 -1
0 0 0 -1
0 0 0 -1
0 0 0 -1
0 0 0 -1
0 0 0 -1
0 0 0 -1
0 0 0 -1
0 0 0 -1
0 0 0 -1
0 0 0 -1
0 0 0 -1
0 0 0 -1
0 0 0 -1
0 0 0 -1
0 0 0 -1
0 0 0 -1
0 0 0 -1
0 0 0 -1
0 0 0 -1
0 0 0 -1
0 0 0 -1
0 0 0 -1
0 0 0 -1
0 0 0 -1
0 0 0 -1
0 0 0 -1
0 0 0 -1
0 0 0 -1
0 0 0 -1
0 0 0 -1
0 0 0 -1
0 0 0 -1
0 0 0 -1
0 0 0 -1
0 0 0 -1
0 0 0 -1
0 0 0 -1
0 0 0 -1
0 0 0 -1
0 0 0 -1
0 0 0 -1
0 0 0 -1
0 0 0 -1
0 0 0 -1
0 0 0 -1
0 0 0 -1
0 0 0 -1
0 0 0 -1
0 0 0 -1
0 0 0 -1
0 0 0 -1
0 0 0 -1
0 0 0 -1
0 0 0 -1
0 0 0 -1
0 0 0 -1
0 0 0 -1
0 0 0 -1
0 0 0 -1
0 0 0 -1
0 0 0 -1
0 0 0 -1
0 0 0 -1
0 0 0 -1
0 0 0 -1
0 0 0 -1
0 0 0 -1
0 0 0 -1
0 0 0 -1
0 0 0 -1
0 0 0 -1
0 0 0 -1
0 0 0 -1
0 0 0 -1
0 0 0 -1
0 0 0 -1
0 0 0 -1
0 0 0 -1
0 0 0 -1
0 0 0 -1
0 0 0 -1
0 0 0 -1
0 0 0 -1
0 0 0 -1
0 0 0 -1
0 0 0 -1
0 0 0 -1
0 0 0 -1
0 0 0 -1
0 0 0 -1
0 0 0 -1
0 0 0 -1
0 0 0 -1
0 0 0 -1
0 0 0 -1
0 0 0 -1
0 0 0 -1
0 0 0 -1
0 0 0 -1
0 0 0 -1
0 0 0 -1
0 0 0 -1
0 0 0 -1
0 0 0 -1
0 0 0 -1
0 0 0 -1
0 0 0 -1
0 0 0 -1
0 0 0 -1
0 0 0 -1
0 0 0 -1
0 0 0 -1
0 0 0 -1
0 0 0 -1
0 0 0 -1
0 0 0 -1
0 0 0 -1
0 0 0 -1
0 0 0 -1
0 0 0 -1
0 0 0 -1
0 0 0 -1
0 0 0 -1
0 0 0 -1
0 0 0 -1
0 0 0 -1
0 0 0 -1
0 0 0 -1
0 0 0 -1
0 0 0 -1
0 0 0 -1
0 0 0 -1
0 0 0 -1
0 0 0 -1
0 0 0 -1
0 0 0 -1
0 0 0 -1
0 0 0 -1
0 0 0 -1
0 0 0 -1
0 0 0 -1
0 0 0 -1
0 0 0 -1
0 0 0 -1
0 0 0 -1
0 0 0 -1
0 0 0 -1
0 0 0 -1
0 0 0 -1
0 0 0 -1
0 0 0 -1
0 0 0 -1
0 0 0 -1
0 0 0 -1
0 0 0 -1
2 0 0 -1
8 0 0 -1
8 0 0 -1
8 0 0 -1
0 0 0 -1
0 0 0 -1
0 0 0 -1
0 0 0 -1
0 0 0 -1
0 0 0 -1
0 0 0 -1
0 0 0 -1
0 0 0 -1
0 0 0 -1
0 0 0 -1
0 0 0 -1
0 0 0 -1
0 0 0 -1
0 0 0 -1
0 0 0 -1
0 0 0 -1
0 0 0 -1
0 0 0 -1
2 0 0 -1
8 0 0 -1
8 0 0 -1
8 0 0 -1
8 0 0 -1
8 0 0 -1
2 3 0 -1
0 0 0 -1
0 0 0 -1
0 0 0 -1
0 0 0 -1
0 0 0 -1
0 0 0 -1
0 0 0 -1
0 0 0 -1
0 0 0 -1
0 0 0 -1
0 0 0 -1
0 0 0 -1
0 0 0 -1
0 0 0 -1
0 0 0 -1
0 0 0 -1
0 0 0 -1
2 0 0 -1
8 0 0 -1
8 0 0 -1
8 0 0 -1
8 0 0 -1
8 0 0 -1
8 0 0 -1
8 0 0 -1
2 3 0 -1
2 0 0 -1
2 3 0 -1
0 0 0 -1
0 0 0 -1
0 0 0 -1
0 0 0 -1
0 0 0 -1
0 0 0 -1
0 0 0 -1
0 0 0 -1
0 0 0 -1
0 0 0 -1
0 0 0 -1
0 0 0 -1
0 0 0 -1
0 0 0 -1
8 0 0 -1
8 0 0 -1
8 0 0 -1
8 0 0 -1
8 0 0 -1
8 0 0 -1
8 0 0 -1
8 0 0 -1
8 0 0 -1
3 0 0 -1
3 3 0 -1
1 3 0 -1
2 3 0 -1
0 0 0 -1
0 0 0 -1
0 0 0 -1
0 0 0 -1
0 0 0 -1
0 0 0 -1
0 0 0 -1
0 0 0 -1
0 0 0 -1
0 0 0 -1
0 0 0 -1
0 0 0 -1
8 0 0 -1
8 0 0 -1
8 0 0 -1
6 1 0 -1
5 1 0 -1
6 2 0 -1
8 0 0 -1
8 0 0 -1
8 0 0 -1
4 0 0 -1
4 0 0 -1
4 0 0 -1
3 3 0 -1
2 3 0 -1
0 0 0 -1
0 0 0 -1
0 0 0 -1
0 0 0 -1
0 0 0 -1
0 0 0 -1
0 0 0 -1
0 0 0 -1
0 0 0 -1
0 0 0 -1
0 0 0 -1
8 0 0 -1
8 0 0 -1
1 0 0 -1
4 0 0 -1
4 0 0 -1
4 0 0 -1
8 0 0 -1
8 0 0 -1
8 0 0 -1
4 0 0 -1
4 0 0 -1
4 0 0 -1
4 0 0 -1
1 2 0 -1
0 0 0 -1
0 0 0 -1
0 0 0 -1
0 0 0 -1
0 0 0 -1
0 0 0 -1
0 0 0 -1
0 0 0 -1
0 0 0 -1
0 0 0 -1
0 0 0 -1
2 1 0 -1
8 0 0 -1
7 3 0 -1
5 3 0 -1
4 0 0 -1
4 0 0 -1
8 0 0 -1
8 0 0 -1
2 2 0 -1
0 0 0 -1
4 0 0 -1
4 0 0 -1
4 0 0 -1
2 2 0 -1
0 0 0 -1
0 0 0 -1
0 0 0 -1
0 0 0 -1
0 0 0 -1
0 0 0 -1
0 0 0 -1
2 0 0 -1
1 3 0 -1
0 0 0 -1
0 0 0 -1
0 0 0 -1
0 0 0 -1
2 1 0 -1
8 0 0 -1
1 1 0 -1
1 1 0 -1
2 2 0 -1
0 0 0 -1
0 0 0 -1
0 0 0 -1
4 0 0 -1
4 0 0 -1
4 0 0 -1
0 0 0 -1
0 0 0 -1
0 0 0 -1
0 0 0 -1
0 0 0 -1
0 0 0 -1
0 0 0 -1
0 0 0 -1
4 0 0 -1
4 0 0 -1
0 0 0 -1
0 0 0 -1
0 0 0 -1
0 0 0 -1
0 0 0 -1
0 0 0 -1
0 0 0 -1
0 0 0 -1
0 0 0 -1
0 0 0 -1
0 0 0 -1
0 0 0 -1
0 0 0 -1
0 0 0 -1
0 0 0 -1
0 0 0 -1
0 0 0 -1
0 0 0 -1
0 0 0 -1
0 0 0 -1
0 0 0 -1
0 0 0 -1
0 0 0 -1
0 0 0 -1
0 0 0 -1
0 0 0 -1
0 0 0 -1
0 0 0 -1
0 0 0 -1
0 0 0 -1
0 0 0 -1
0 0 0 -1
0 0 0 -1
0 0 0 -1
0 0 0 -1
0 0 0 -1
0 0 0 -1
0 0 0 -1
0 0 0 -1
0 0 0 -1
0 0 0 -1
0 0 0 -1
0 0 0 -1
0 0 0 -1
0 0 0 -1
0 0 0 -1
0 0 0 -1
0 0 0 -1
0 0 0 -1
0 0 0 -1
