DefaultMedium:
Last Updated: 3/24/2021 4:06:12 PM
10 10
4 0 0 -1
4 0 0 -1
4 0 0 -1
4 0 0 -1
4 0 0 -1
4 0 0 -1
4 0 0 -1
5 0 0 -1
8 0 0 -1
8 0 0 -1
4 0 0 -1
4 0 0 -1
4 0 0 -1
1 1 0 -1
4 0 0 -1
4 0 0 -1
4 0 0 -1
6 1 0 -1
8 0 0 -1
8 0 0 -1
0 0 0 -1
0 0 0 -1
0 0 0 -1
0 0 0 -1
0 0 0 -1
4 0 0 -1
4 0 0 -1
4 0 0 -1
8 0 0 -1
8 0 0 -1
0 0 0 -1
0 0 0 -1
0 0 0 -1
0 0 0 -1
0 0 0 -1
0 0 0 -1
0 0 0 -1
4 0 0 -1
4 0 0 -1
4 0 0 -1
0 0 0 -1
0 0 0 -1
0 0 0 -1
0 0 0 -1
0 0 0 -1
0 0 0 -1
0 0 0 -1
4 0 0 -1
4 0 0 -1
4 0 0 -1
0 0 0 -1
0 0 0 -1
0 0 0 -1
0 0 0 -1
0 0 0 -1
0 0 0 -1
2 0 0 -1
4 0 0 -1
4 0 0 -1
4 0 0 -1
0 0 0 -1
0 0 0 -1
0 0 0 -1
0 0 0 -1
2 0 0 -1
3 0 0 -1
4 0 0 -1
4 0 0 -1
4 0 0 -1
4 0 0 -1
2 0 0 -1
1 3 0 -1
0 0 0 -1
0 0 0 -1
1 0 0 -1
4 0 0 -1
4 0 0 -1
6 0 0 -1
5 3 0 -1
5 3 0 -1
3 0 0 -1
4 0 0 -1
4 0 0 -1
4 0 0 -1
4 0 0 -1
4 0 0 -1
4 0 0 -1
5 0 0 -1
8 0 0 -1
8 0 0 -1
4 0 0 -1
4 0 0 -1
4 0 0 -1
4 0 0 -1
4 0 0 -1
4 0 0 -1
4 0 0 -1
5 0 0 -1
8 0 0 -1
8 0 0 -1
